20:30:53|327681|71|[26, 9, 19, 20, 30, 53]
20:30:53|327684|62|[0, 225]
20:30:54|327681|71|[26, 9, 19, 20, 30, 54]
20:30:55|327681|71|[26, 9, 19, 20, 30, 55]
20:30:56|327681|71|[26, 9, 19, 20, 30, 56]
20:30:57|327681|71|[26, 9, 19, 20, 30, 57]
20:30:58|327681|71|[26, 9, 19, 20, 30, 58]
20:30:59|327681|71|[26, 9, 19, 20, 30, 59]
20:31:00|327681|71|[26, 9, 19, 20, 31, 0]
20:31:01|327681|71|[26, 9, 19, 20, 31, 1]
20:31:02|327681|71|[26, 9, 19, 20, 31, 2]
20:31:03|327681|71|[26, 9, 19, 20, 31, 3]
20:31:03|327684|62|[0, 224]
20:31:03|327688|12|[55, 11, 2, 9, 6, 8, 26, 87]
20:31:04|327681|71|[26, 9, 19, 20, 31, 4]
20:31:05|327681|71|[26, 9, 19, 20, 31, 5]
20:31:06|327681|71|[26, 9, 19, 20, 31, 6]
20:31:07|327681|71|[26, 9, 19, 20, 31, 7]
20:31:08|327681|71|[26, 9, 19, 20, 31, 8]
20:31:08|327684|62|[0, 222]
20:31:09|327681|71|[26, 9, 19, 20, 31, 9]
20:31:10|327681|71|[26, 9, 19, 20, 31, 10]
20:31:11|327681|71|[26, 9, 19, 20, 31, 11]
20:31:12|327681|71|[26, 9, 19, 20, 31, 12]
20:31:13|327681|71|[26, 9, 19, 20, 31, 13]
20:31:13|327684|181|[0]
20:31:13|327684|62|[0, 228]
20:31:13|327684|66|[7, 252]
20:31:13|327684|80|[1]
20:31:14|327681|71|[26, 9, 19, 20, 31, 14]
20:31:15|327681|71|[26, 9, 19, 20, 31, 15]
20:31:15|327684|66|[7, 251]
20:31:16|327681|71|[26, 9, 19, 20, 31, 16]
20:31:16|327684|66|[7, 249]
20:31:16|327684|66|[7, 250]
20:31:17|327681|71|[26, 9, 19, 20, 31, 17]
20:31:17|327684|66|[7, 250]
20:31:17|327684|66|[7, 251]
20:31:17|327684|66|[7, 253]
20:31:17|327684|66|[7, 254]
20:31:17|327684|66|[7, 255]
20:31:18|327681|12|[0]
20:31:18|327681|194|[0]
20:31:18|327681|222|[4, 0, 1]
20:31:18|327681|242|[0]
20:31:18|327681|244|[2]
20:31:18|327681|52|[0, 0]
20:31:18|327681|61|[0]
20:31:18|327681|71|[26, 9, 19, 20, 31, 18]
20:31:18|327681|7|[2]
20:31:18|327681|8|[0]
20:31:18|327681|93|[1]
20:31:18|327684|106|[0]
20:31:18|327684|154|[0]
20:31:18|327684|177|[2]
20:31:18|327684|26|[2]
20:31:18|327684|39|[0]
20:31:18|327684|62|[0, 227]
20:31:18|327684|66|[7, 248]
20:31:18|327684|66|[7, 249]
20:31:18|327684|66|[7, 251]
20:31:18|327684|66|[7, 254]
20:31:18|327684|66|[7, 255]
20:31:18|327684|66|[8, 0]
20:31:18|327684|74|[1]
20:31:18|327691|0|[1]
20:31:19|327681|71|[26, 9, 19, 20, 31, 19]
20:31:20|327681|71|[26, 9, 19, 20, 31, 20]
20:31:21|327681|71|[26, 9, 19, 20, 31, 21]
20:31:22|327681|244|[0]
20:31:22|327681|71|[26, 9, 19, 20, 31, 22]
20:31:23|327681|71|[26, 9, 19, 20, 31, 23]
20:31:23|327684|62|[0, 220]
20:31:23|327691|0|[0]
20:31:24|327681|12|[0]
20:31:24|327681|194|[0]
20:31:24|327681|222|[4, 0, 1]
20:31:24|327681|242|[0]
20:31:24|327681|52|[0, 0]
20:31:24|327681|61|[0]
20:31:24|327681|71|[26, 9, 19, 20, 31, 24]
20:31:24|327681|7|[2]
20:31:24|327681|8|[0]
20:31:24|327684|154|[0]
20:31:24|327684|177|[3]
20:31:24|327684|26|[3]
20:31:24|327684|39|[0]
20:31:24|327684|74|[1]
20:31:25|327681|71|[26, 9, 19, 20, 31, 25]
20:31:26|327681|71|[26, 9, 19, 20, 31, 26]
20:31:26|327684|66|[7, 249]
20:31:27|327681|12|[0]
20:31:27|327681|194|[0]
20:31:27|327681|222|[4, 0, 1]
20:31:27|327681|242|[0]
20:31:27|327681|244|[2]
20:31:27|327681|52|[0, 0]
20:31:27|327681|61|[0]
20:31:27|327681|71|[26, 9, 19, 20, 31, 27]
20:31:27|327681|7|[2]
20:31:27|327681|8|[0]
20:31:27|327684|106|[0]
20:31:27|327684|154|[0]
20:31:27|327684|177|[4]
20:31:27|327684|26|[4]
20:31:27|327684|39|[0]
20:31:27|327684|66|[7, 248]
20:31:27|327684|66|[7, 249]
20:31:27|327684|66|[7, 250]
20:31:27|327684|74|[1]
20:31:28|327681|71|[26, 9, 19, 20, 31, 28]
20:31:28|327684|62|[0, 225]
20:31:29|327681|71|[26, 9, 19, 20, 31, 29]
20:31:30|327681|71|[26, 9, 19, 20, 31, 30]
20:31:31|327681|244|[0]
20:31:31|327681|71|[26, 9, 19, 20, 31, 31]
20:31:32|327681|71|[26, 9, 19, 20, 31, 32]
20:31:32|327684|66|[7, 247]
20:31:33|327681|12|[0]
20:31:33|327681|194|[0]
20:31:33|327681|222|[4, 0, 1]
20:31:33|327681|242|[0]
20:31:33|327681|52|[0, 0]
20:31:33|327681|61|[0]
20:31:33|327681|71|[26, 9, 19, 20, 31, 33]
20:31:33|327681|7|[2]
20:31:33|327681|8|[0]
20:31:33|327684|154|[0]
20:31:33|327684|177|[1]
20:31:33|327684|26|[1]
20:31:33|327684|39|[0]
20:31:33|327684|62|[0, 220]
20:31:33|327684|74|[1]
20:31:33|327688|12|[55, 11, 2, 9, 6, 8, 26, 87]
20:31:34|327681|71|[26, 9, 19, 20, 31, 34]
20:31:34|327684|66|[7, 246]
20:31:35|327681|71|[26, 9, 19, 20, 31, 35]
20:31:35|327684|66|[7, 247]
20:31:35|327684|66|[7, 248]
20:31:35|327684|66|[7, 249]
20:31:36|327681|71|[26, 9, 19, 20, 31, 36]
20:31:36|327684|66|[7, 250]
20:31:37|327681|71|[26, 9, 19, 20, 31, 37]
20:31:38|327681|71|[26, 9, 19, 20, 31, 38]
20:31:38|327684|62|[0, 226]
20:31:39|327681|71|[26, 9, 19, 20, 31, 39]
20:31:40|327681|71|[26, 9, 19, 20, 31, 40]
20:31:40|327684|66|[7, 251]
20:31:41|327681|71|[26, 9, 19, 20, 31, 41]
20:31:41|327684|66|[7, 252]
20:31:41|327684|66|[7, 253]
20:31:42|327681|71|[26, 9, 19, 20, 31, 42]
20:31:42|327684|66|[7, 251]
20:31:43|327681|71|[26, 9, 19, 20, 31, 43]
20:31:43|327684|181|[0]
20:31:43|327684|62|[0, 224]
20:31:43|327684|66|[7, 250]
20:31:43|327684|66|[7, 251]
20:31:43|327684|80|[0]
20:31:44|327681|71|[26, 9, 19, 20, 31, 44]
20:31:45|327681|71|[26, 9, 19, 20, 31, 45]
20:31:46|327681|71|[26, 9, 19, 20, 31, 46]
20:31:47|327681|71|[26, 9, 19, 20, 31, 47]
20:31:48|327681|71|[26, 9, 19, 20, 31, 48]
20:31:48|327684|62|[0, 228]
20:31:48|327684|69|[0, 178]
20:31:49|327681|71|[26, 9, 19, 20, 31, 49]
